1	9.99352	-85.70087	4.516	STN
100	9.99454	-85.70101	4.642	CHECK
101	9.99606	-85.70302	4.386	PROFILE
102	9.99606	-85.70301	4.642	PROFILE
103	9.99604	-85.70305	4.081	PROFILE
104	9.99605	-85.70304	4.173	PROFILE
105	9.99603	-85.70305	3.917	PROFILE
106	9.99602	-85.70306	3.841	PROFILE
107	9.99602	-85.70307	3.763	PROFILE
108	9.99601	-85.70307	3.647	PROFILE
109	9.99601	-85.70308	3.538	PROFILE
110	9.99600	-85.70309	3.447	PROFILE
111	9.99599	-85.70309	3.359	PROFILE
112	9.99600	-85.70309	3.6	WELL
113	9.99599	-85.70310	3.258	PROFILE
114	9.99599	-85.70310	3.181	PROFILE
115	9.99598	-85.70311	3.149	PROFILE
116	9.99598	-85.70311	3.059	PROFILE
117	9.99598	-85.70311	3.301	WELL
118	9.99597	-85.70312	2.972	PROFILE
119	9.99597	-85.70312	2.87	PROFILE
120	9.99596	-85.70313	2.763	PROFILE
121	9.99596	-85.70313	2.758	PROFILE
122	9.99596	-85.70313	2.73	PROFILE
123	9.99596	-85.70313	2.981	WELL
124	9.99595	-85.70314	2.623	PROFILE
125	9.99595	-85.70314	2.607	PROFILE
126	9.99594	-85.70315	2.531	PROFILE
127	9.99594	-85.70315	2.436	PROFILE
128	9.99593	-85.70316	2.303	PROFILE
129	9.99593	-85.70316	2.219	PROFILE
130	9.99592	-85.70317	2.089	PROFILE
131	9.99591	-85.70318	1.95	PROFILE
132	9.99591	-85.70319	1.86	PROFILE
133	9.99590	-85.70320	1.75	PROFILE
134	9.99590	-85.70320	1.683	PROFILE
135	9.99589	-85.70321	1.615	PROFILE
136	9.99589	-85.70322	1.54	PROFILE
137	9.99588	-85.70322	1.478	PROFILE
138	9.99587	-85.70323	1.378	PROFILE
139	9.99587	-85.70324	1.299	PROFILE
140	9.99586	-85.70324	1.202	PROFILE
141	9.99585	-85.70325	1.141	PROFILE
142	9.99585	-85.70326	1.036	PROFILE
143	9.99584	-85.70327	0.929	PROFILE
144	9.99583	-85.70328	0.83	PROFILE
145	9.99582	-85.70329	0.73	PROFILE
146	9.99581	-85.70329	0.645	PROFILE
147	9.99580	-85.70331	0.53	PROFILE
148	9.99580	-85.70331	0.513	PROFILE
149	9.99579	-85.70332	0.416	PROFILE
150	9.99577	-85.70333	0.306	PROFILE
151	9.99576	-85.70334	0.171	PROFILE
152	9.99575	-85.70335	0.07	PROFILE
153	9.99574	-85.70337	-0.074  PROFILE
154	9.99572	-85.70339	-0.219  PROFILE
155	9.99571	-85.70340	-0.348  PROFILE
156	9.99569	-85.70342	-0.454  PROFILE
157	9.99568	-85.70344	-0.595  PROFILE
158	9.99566	-85.70347	-0.759  PROFILE
159	9.99564	-85.70350	-0.942  PROFILE
160	9.99563	-85.70353	-1.035  PROFILE
161	9.99617	-85.70312	4.389	PROFILE2
162	9.99615	-85.70314	4.268	PROFILE2
163	9.99614	-85.70315	4.701	PROFILE2
164	9.99614	-85.70315	4.285	PROFILE2
165	9.99611	-85.70318	3.924	PROFILE2
166	9.99610	-85.70319	3.771	PROFILE2
167	9.99609	-85.70321	3.528	PROFILE2
168	9.99608	-85.70323	3.277	PROFILE2
169	9.99607	-85.70324	3.135	PROFILE2
170	9.99605	-85.70325	2.948	PROFILE2
171	9.99605	-85.70325	2.955	PROFILE2
172	9.99603	-85.70327	2.631	PROFILE2
173	9.99601	-85.70329	2.246	PROFILE2
174	9.99600	-85.70331	1.979	PROFILE2
175	9.99599	-85.70332	1.683	PROFILE2
176	9.99598	-85.70334	1.427	PROFILE2
177	9.99596	-85.70335	1.231	PROFILE2
178	9.99595	-85.70337	1.023	PROFILE2
179	9.99593	-85.70338	0.874	PROFILE2
180	9.99592	-85.70340	0.73	PROFILE2
181	9.99591	-85.70342	0.524	PROFILE2
182	9.99589	-85.70344	0.324	PROFILE2
183	9.99588	-85.70345	0.192	PROFILE2
184	9.99587	-85.70347	0.053	PROFILE2
185	9.99585	-85.70349	-0.156  PROFILE2
186	9.99583	-85.70351	-0.326  PROFILE2
187	9.99581	-85.70352	-0.435  PROFILE2
188	9.99579	-85.70355	-0.628  PROFILE2
189	9.99577	-85.70357	-0.760  PROFILE2
190	9.99574	-85.70360	-0.937  PROFILE2
191	9.99572	-85.70364	-0.977  PROFILE2
192	9.99572	-85.70363	-1.045  PROFILE2
193	9.99553	-85.70341	-18     PROFILE3
194	9.99555	-85.70338	-0.890  PROFILE3
195	9.99558	-85.70336	-0.718  PROFILE3
196	9.99560	-85.70334	-0.543  PROFILE3
197	9.99562	-85.70331	-0.339  PROFILE3
198	9.99565	-85.70328	-0.17   PROFILE3
199	9.99567	-85.70326	0.19	PROFILE3
200	9.99569	-85.70324	0.401	PROFILE3
201	9.99571	-85.70322	0.63	PROFILE3
202	9.99574	-85.70319	0.872	PROFILE3
203	9.99576	-85.70317	1.133	PROFILE3
204	9.99578	-85.70315	1.435	PROFILE3
205	9.99579	-85.70313	1.74	PROFILE3
206	9.99582	-85.70311	2.133	PROFILE3
207	9.99582	-85.70311	2.129	PROFILE3
208	9.99584	-85.70309	2.572	PROFILE3
209	9.99585	-85.70307	2.901	PROFILE3
210	9.99588	-85.70304	3.379	PROFILE3
211	9.99589	-85.70303	3.622	PROFILE3
212	9.99591	-85.70301	3.773	PROFILE3
213	9.99594	-85.70298	3.993	PROFILE3
214	9.99596	-85.70296	4.067	PROFILE3
215	9.99597	-85.70294	4.249	PROFILE3
216	9.99598	-85.70293	4.399	PROFILE3
217	9.99626	-85.70320	4.303	PROFILE3
218	9.99624	-85.70322	4.047	PROFILE3
219	9.99622	-85.70324	3.807	PROFILE4
220	9.99620	-85.70327	3.382	PROFILE4
221	9.99618	-85.70329	3.053	PROFILE4
222	9.99615	-85.70332	2.657	PROFILE4
223	9.99613	-85.70334	2.337	PROFILE4
224	9.99611	-85.70336	1.94	PROFILE4
225	9.99610	-85.70339	1.761	PROFILE4
226	9.99609	-85.70341	1.539	PROFILE4
227	9.99607	-85.70342	1.34	PROFILE4
228	9.99605	-85.70344	1.114	PROFILE4
229	9.99605	-85.70344	1.114	PROFILE4
230	9.99603	-85.70347	0.835	PROFILE4
231	9.99601	-85.70349	0.576	PROFILE4
232	9.99598	-85.70353	0.272	PROFILE4
233	9.99595	-85.70357	-0.099  PROFILE4
234	9.99592	-85.70360	-0.346  PROFILE4
235	9.99588	-85.70364	-0.642  PROFILE4
236	9.99584	-85.70369	-0.898  PROFILE4
237	9.99582	-85.70372	-0.948  PROFILE4
238	9.99582	-85.70372	-1.033  PROFILE4
501	9.99594	-85.70319	2.098	STK
502	9.99599	-85.70315	2.913	STK
250	9.99587	-85.70292	5.309	CAMERA
403	9.99603	-85.70315	3.261	MK
503	9.99603	-85.70315	3.198	STK
504	9.99592	-85.70311	2.714	STK
404	9.99592	-85.70311	2.781	MK
405	9.99593	-85.70306	3.435	MK
406	9.99589	-85.70304	3.541	MK
505	9.99593	-85.70306	3.366	STK
506	9.99589	-85.70304	3.448	STK
407	9.99588	-85.70303	3.53	MK
507	9.99588	-85.70303	3.535	STK
508	9.99590	-85.70296	3.911	STK
408	9.99590	-85.70296	3.912	MK
401	9.99594	-85.70319	2.194	MK
402	9.99599	-85.70315	2.961	MK
