001 313507.191 1105508.480 4.516 STN
100 313492.496 1105620.576 4.642 
101 313272.468 1105790.009 4.386 PROFILE
102 313273.305 1105790.498 4.642 PROFILE
103 313269.490 1105788.122 4.081 PROFILE
104 313270.557 1105788.840 4.173 PROFILE
105 313268.717 1105786.929 3.917 PROFILE
106 313268.080 1105786.394 3.841 PROFILE
107 313267.295 1105785.577 3.763 PROFILE
108 313266.572 1105784.968 3.647 PROFILE
109 313265.833 1105784.303 3.538 PROFILE
110 313265.147 1105783.620 3.447 PROFILE
111 313264.727 1105783.111 3.359 PROFILE
112 313264.650 1105783.194 3.600 POZO
113 313263.944 1105782.695 3.258 PROFILE
114 313263.431 1105782.137 3.181 PROFILE
115 313262.892 1105781.719 3.149 PROFILE
116 313262.220 1105781.167 3.059 PROFILE
117 313262.234 1105781.137 3.301 POZO
118 313261.644 1105780.612 2.972 PROFILE
119 313260.833 1105780.024 2.870 PROFILE
120 313260.128 1105779.449 2.763 PROFILE
121 313260.177 1105779.431 2.758 PROFILE
122 313259.860 1105778.949 2.730 PROFILE
123 313259.805 1105778.978 2.981 POZO
124 313259.254 1105778.390 2.623 PROFILE
125 313259.250 1105778.388 2.607 PROFILE
126 313258.494 1105777.544 2.531 PROFILE
127 313257.921 1105776.913 2.436 PROFILE
128 313257.016 1105776.163 2.303 PROFILE
129 313256.479 1105775.745 2.219 PROFILE
130 313255.513 1105774.952 2.089 PROFILE
131 313254.221 1105774.286 1.950 PROFILE
132 313253.422 1105773.727 1.860 PROFILE
133 313252.779 1105773.068 1.750 PROFILE
134 313252.041 1105772.488 1.683 PROFILE
135 313251.498 1105771.989 1.615 PROFILE
136 313250.802 1105771.480 1.540 PROFILE
137 313249.980 1105770.736 1.478 PROFILE
138 313249.145 1105769.875 1.378 PROFILE
139 313248.517 1105769.170 1.299 PROFILE
140 313247.687 1105768.371 1.202 PROFILE
141 313246.985 1105767.632 1.141 PROFILE
142 313246.080 1105766.716 1.036 PROFILE
143 313245.136 1105765.664 0.929 PROFILE
144 313244.128 1105764.566 0.830 PROFILE
145 313243.137 1105763.542 0.730 PROFILE
146 313242.157 1105762.459 0.645 PROFILE
147 313240.230 1105761.663 0.530 PROFILE
148 313240.588 1105761.279 0.513 PROFILE
149 313239.484 1105760.182 0.416 PROFILE
150 313238.089 1105758.857 0.306 PROFILE
151 313236.859 1105757.691 0.171 PROFILE
152 313235.594 1105756.496 0.070 PROFILE
153 313233.924 1105754.843 -0.074 PROFILE
154 313231.906 1105752.918 -0.219 PROFILE
155 313230.281 1105751.436 -0.348 PROFILE
156 313228.118 1105749.908 -0.454 PROFILE
157 313226.180 1105748.299 -0.595 PROFILE
158 313222.724 1105745.774 -0.759 PROFILE
159 313219.732 1105744.271 -0.942 PROFILE
160 313216.589 1105742.522 -1.035 PROFILE
161 313261.880 1105802.322 4.389 PROFILE2
162 313259.738 1105800.842 4.268 PROFILE2
163 313257.917 1105799.773 4.701 PROFILE2
164 313257.850 1105799.578 4.285 PROFILE2
165 313255.326 1105796.473 3.924 PROFILE2
166 313253.344 1105795.033 3.771 PROFILE2
167 313251.810 1105793.319 3.528 PROFILE2
168 313249.867 1105792.542 3.277 PROFILE2
169 313248.520 1105791.491 3.135 PROFILE2
170 313247.184 1105789.406 2.948 PROFILE2
171 313247.197 1105789.405 2.955 PROFILE2
172 313244.612 1105786.925 2.631 PROFILE2
173 313242.338 1105785.171 2.246 PROFILE2
174 313240.633 1105783.861 1.979 PROFILE2
175 313239.143 1105782.604 1.683 PROFILE2
176 313237.371 1105781.087 1.427 PROFILE2
177 313235.836 1105779.543 1.231 PROFILE2
178 313234.147 1105777.903 1.023 PROFILE2
179 313232.489 1105776.454 0.874 PROFILE2
180 313231.093 1105775.114 0.730 PROFILE2
181 313228.951 1105773.445 0.524 PROFILE2
182 313226.609 1105771.601 0.324 PROFILE2
183 313225.020 1105770.295 0.192 PROFILE2
184 313223.372 1105769.016 0.053 PROFILE2
185 313221.119 1105767.212 -0.156 PROFILE2
186 313218.862 1105765.147 -0.326 PROFILE2
187 313216.999 1105763.375 -0.435 PROFILE2
188 313214.131 1105760.966 -0.628 PROFILE2
189 313211.623 1105758.385 -0.760 PROFILE2
190 313208.582 1105755.688 -0.937 PROFILE2
191 313204.622 1105752.981 -0.977 PROFILE2
192 313204.780 1105753.099 -1.045 PROFILE2
193 313229.435 1105731.651 -1.008 PROFILE3
194 313232.061 1105734.378 -0.890 PROFILE3
195 313234.595 1105737.000 -0.718 PROFILE3
196 313237.098 1105739.827 -0.543 PROFILE3
197 313239.810 1105742.212 -0.339 PROFILE3
198 313243.217 1105745.144 -0.107 PROFILE3
199 313246.053 1105747.780 0.190 PROFILE3
200 313248.398 1105749.935 0.401 PROFILE3
201 313250.693 1105752.203 0.630 PROFILE3
202 313253.228 1105754.493 0.872 PROFILE3
203 313255.541 1105756.849 1.133 PROFILE3
204 313257.947 1105759.080 1.435 PROFILE3
205 313260.029 1105760.989 1.740 PROFILE3
206 313262.528 1105763.308 2.133 PROFILE3
207 313262.552 1105763.353 2.129 PROFILE3
208 313264.977 1105765.711 2.572 PROFILE3
209 313266.884 1105767.593 2.901 PROFILE3
210 313269.755 1105770.356 3.379 PROFILE3
211 313271.408 1105771.693 3.622 PROFILE3
212 313273.760 1105773.945 3.773 PROFILE3
213 313276.886 1105777.165 3.993 PROFILE3
214 313278.888 1105778.997 4.067 PROFILE3
215 313280.627 1105780.572 4.249 PROFILE3
216 313282.115 1105781.863 4.399 PROFILE3
217 313252.941 1105812.310 4.303 PROFILE3
218 313250.975 1105810.587 4.047 PROFILE3
219 313248.469 1105808.574 3.807 PROFILE4
220 313245.173 1105805.875 3.382 PROFILE4
221 313242.622 1105803.692 3.053 PROFILE4
222 313239.483 1105800.702 2.657 PROFILE4
223 313237.110 1105798.504 2.337 PROFILE4
224 313234.748 1105796.154 1.940 PROFILE4
225 313232.220 1105795.267 1.761 PROFILE4
226 313230.040 1105793.624 1.539 PROFILE4
227 313228.450 1105791.695 1.340 PROFILE4
228 313226.330 1105789.732 1.114 PROFILE4
229 313226.267 1105789.725 1.114 PROFILE4
230 313223.417 1105787.051 0.835 PROFILE4
231 313220.489 1105784.758 0.576 PROFILE4
232 313216.791 1105781.510 0.272 PROFILE4
233 313212.459 1105778.080 -0.099 PROFILE4
234 313208.732 1105774.981 -0.346 PROFILE4
235 313203.919 1105770.912 -0.642 PROFILE4
236 313199.043 1105766.657 -0.898 PROFILE4
237 313195.857 1105764.158 -0.948 PROFILE4
238 313195.955 1105764.091 -1.033 PROFILE4
501 313253.502 1105777.131 2.098 STK
502 313258.196 1105782.835 2.913 STK
250 313283.697 1105769.616 5.309 CAMERA
403 313258.504 1105786.540 3.261 MK
503 313258.154 1105786.524 3.198 STK
504 313262.300 1105775.199 2.714 STK
404 313262.626 1105775.184 2.781 MK
405 313267.997 1105776.285 3.435 MK
406 313270.099 1105771.431 3.541 MK
505 313267.763 1105776.277 3.366 STK
506 313269.801 1105771.435 3.448 STK
407 313271.005 1105770.437 3.530 MK
507 313270.686 1105770.370 3.535 STK
508 313278.698 1105773.028 3.911 STK
408 313278.998 1105773.003 3.912 MK
401 313253.790 1105777.164 2.194 MK
402 313258.487 1105782.900 2.961 MK
